0 25.6 42.8 58.9 94.7 100.5 132.5 184 201 249 247 287 272.5 331.5 373 397.5 70.4 177 338.5 278 328 228
25.6 0 15 44 79.9 84.9 118 166.5 186.5 237 232.5 272.5 258 317 358.5 383 63.4 170 331.5 250 300 200
42.8 15 0 32 68.9 71.1 102 150 170.5 220 216.5 256.5 242 301 342.5 367 78 184.5 506 264 314 214
58.9 44 32 0 46.7 52.6 84.3 136.5 153.5 200.5 199.5 239 225 284 325.5 349 103.5 210 489 293 343 243
94.7 79.9 68.9 46.7 0 7.2 43 94.8 112 159 158 197.5 183.5 242.5 284 308 140 247 448 329 379 279
100.5 84.9 71.1 52.6 7.2 0 41.4 93.6 110 161 156 196 181.5 240.5 282 306.5 142.5 249 445.5 336 386 236
132.5 118 102 84.3 43 41.4 0 55.2 72.5 114 118 158 143.5 203 244.5 268.5 173 280 408 182 307 307
184 166.5 150 136.5 94.8 93.6 55.2 0 27.3 55.8 73.1 113 98.2 157.5 199 220.5 221.5 269 360.5 125 250 250
201 186.5 170.5 153.5 112 110 72.5 27.3 0 66.1 49.4 89.3 74.9 134 175.5 200 242 223 339 152 277 277
249 237 220 200.5 159 161 114 55.8 66.1 0 107.5 151 122 195.5 236.5 245 291.5 163 385 179 304 304
247 232.5 216.5 199.5 158 156 118 73.1 49.4 107.5 0 50 35.6 94.7 136.5 160 287.5 265 300 126 286 323
287 272.5 256.5 239 197.5 196 158 113 89.3 151 50 0 27.2 70.2 111.5 136 327.5 308 275.5 116 276 362
272.5 258 242 225 183.5 181.5 143.5 98.2 74.9 122 35.6 27.2 0 72.6 114 127.5 313 279 267 90 250 347
331.5 317 301 284 242.5 240.5 203 157.5 134 195.5 94.7 70.2 72.6 0 49.6 73.9 372 352.5 213 55 250 404
373 358.5 342.5 325.5 284 282 244.5 199 175.5 236.5 136.5 111.5 114 49.6 0 32.1 414 338 172 135 300 449
397.5 383 367 349 308 306.5 268.5 220.5 200 245 160 136 127.5 73.9 32.1 0 438 307.5 141 167 332 470
70.4 63.4 78 103.5 140 142.5 173 221.5 242 291.5 287.5 327.5 313 372 414 438 0 119 280 312 362 262
177 170 184.5 210 247 249 280 269 223 163 265 308 279 352.5 338 307.5 119 0 163 420 470 370
338.5 331.5 506 489 448 445.5 408 360.5 339 385 300 275.5 267 213 172 141 280 163 0 307 472 610
278 250 264 293 329 336 182 125 152 179 126 116 90 55 135 167 312 420 307 0 150 275
328 300 314 343 379 386 307 250 277 304 286 276 250 250 300 332 362 470 472 150 0 500
228 200 214 243 279 236 307 250 277 304 323 362 347 404 449 470 262 370 610 275 500 0
