0 25 38 47 70 74 96 130 132 166 162 180 181 211 239 248 63 207 396 369 412 375
25 0 25 42 65 69 88 122 123 157 153 171 172 202 230 239 60 205 394 577 600 600
38 25 0 34 60 58 77 112 112 146 142 161 162 192 220 229 73 217 387 567 600 600
47 42 34 0 43 48 69 104 105 139 135 154 154 185 212 222 89 234 379 560 600 600
70 65 60 43 0 18 43 78 79 113 109 128 128 159 186 195 113 257 353 534 600 600
74 69 58 48 18 0 42 78 78 111 108 126 127 158 185 194 114 258 352 532 600 600
96 88 77 69 43 42 0 56 58 91 88 106 107 137 165 174 133 277 331 512 600 600
130 122 112 104 78 78 56 0 32 55 62 80 81 112 139 145 167 314 303 486 600 600
132 123 112 105 79 78 58 32 0 52 41 59 60 90 117 127 168 315 284 465 600 600
166 157 146 139 113 111 91 55 52 0 83 100 92 131 156 155 202 277 313 502 600 600
162 153 142 135 109 108 88 62 41 83 0 38 39 70 97 106 198 345 264 445 600 600
180 171 161 154 128 126 106 80 59 100 38 0 30 51 79 88 216 362 246 426 600 600
181 172 162 154 128 127 107 81 60 92 39 30 0 62 89 90 217 354 248 436 600 600
211 202 192 185 159 158 137 112 90 131 70 51 62 0 49 63 247 393 221 396 600 600
239 230 220 212 186 185 165 139 117 156 97 79 89 49 0 36 275 382 194 348 600 600
248 239 229 222 195 194 174 145 127 155 106 88 90 63 36 0 284 358 169 384 600 600
63 60 73 89 113 114 133 167 168 202 198 216 217 247 275 284 0 172 360 622 600 600
207 205 217 234 257 258 277 314 315 277 345 362 354 393 382 358 172 0 195 730 600 600
396 394 387 379 353 352 331 303 284 313 264 246 248 221 194 169 360 195 0 542 600 600
369 577 567 560 534 532 512 486 465 502 445 426 436 396 348 384 622 730 542 0 600 600
412 600 600 600 600 600 600 600 600 600 600 600 600 600 600 600 600 600 600 600 0 600
375 600 600 600 600 600 600 600 600 600 600 600 600 600 600 600 600 600 600 600 600 0
