0 25 38 48 70 75 97 131 133 166 163 181 182 212 239 249 63 208 397 176 251 176
25 0 26 43 65 70 88 123 123 157 153 172 173 203 231 239 61 206 394 150 225 150
38 26 0 34 60 59 78 112 113 147 143 161 162 192 220 229 73 218 387 176 251 176
48 43 34 0 44 48 70 104 106 139 136 154 155 185 213 222 90 234 380 192 267 192
70 65 60 44 0 19 44 79 80 113 110 128 129 159 187 196 113 258 354 217 292 217
75 70 59 48 19 0 42 78 78 112 108 127 128 158 186 194 114 259 352 220 295 220
97 88 78 70 44 42 0 57 58 92 88 106 108 138 165 174 133 278 332 162 237 237
131 123 112 104 79 78 57 0 32 55 62 81 82 112 140 145 168 314 304 105 180 180
133 123 113 106 80 78 58 32 0 53 41 59 60 90 118 127 168 316 285 138 213 213
166 157 147 139 113 112 92 55 53 0 83 100 93 131 157 156 202 278 314 159 234 234
163 153 143 136 110 108 88 62 41 83 0 39 40 70 98 107 198 345 264 130 220 243
181 172 161 154 128 127 106 81 59 100 39 0 30 52 79 88 216 363 246 120 210 262
182 173 162 155 129 128 108 82 60 93 40 30 0 62 90 90 218 355 248 90 180 262
212 203 192 185 159 158 138 112 90 131 70 52 62 0 49 63 248 394 222 90 150 289
239 231 220 213 187 186 165 140 118 157 98 79 90 49 0 36 276 382 194 105 180 321
249 239 229 222 196 194 174 145 127 156 107 88 90 63 36 0 284 358 170 142 217 325
63 61 73 90 113 114 133 168 168 202 198 216 218 248 276 284 0 172 361 210 285 210
208 206 218 234 258 259 278 314 316 278 345 363 355 394 382 358 172 0 195 355 430 355
397 394 387 380 354 352 332 304 285 314 264 246 248 222 194 170 361 195 0 298 373 482
176 150 176 192 217 220 162 105 138 159 130 120 90 90 105 142 210 355 298 0 90 190
251 225 251 267 292 295 237 180 213 234 220 210 180 150 180 217 285 430 373 90 0 240
176 150 176 192 217 220 237 180 213 234 243 262 262 289 321 325 210 355 482 190 240 0
